  time (s)              T(t) (K)              P(t) (Pa)           Kinetic En. (n.u.)     Potential En. (n.u.) Total En. (n.u.)
  0.0000e+00          100.20951762            0.00000000        5289.21765105       -45644.32444031       -40355.10678926 
  5.0000e-15           99.69802731            0.00000000        5262.22037941       -45552.83631568       -40290.61593627 
  1.0000e-14           98.47319924            0.00000000        5197.57200681       -45402.66947919       -40205.09747238 
  1.5000e-14           96.75632061            0.00000000        5106.95242328       -45196.48222504       -40089.52980177 
  2.0000e-14           94.80877699            0.00000000        5004.15797498       -44938.00418474       -39933.84620976 
  2.5000e-14           92.95667451            0.00000000        4906.40106126       -44631.49801851       -39725.09695726 
  3.0000e-14           91.33278090            0.00000000        4820.68937531       -44281.75089556       -39461.06152024 
  3.5000e-14           88.18441338            0.00000000        4654.51353194       -43894.70234184       -39240.18880990 
  4.0000e-14           84.44264594            0.00000000        4457.01709780       -43477.79341124       -39020.77631344 
  4.5000e-14           80.34359783            0.00000000        4240.66282206       -43041.03065226       -38800.36783020 
  5.0000e-14           76.41127604            0.00000000        4033.10862688       -42594.63055643       -38561.52192954 
  5.5000e-14           74.15969843            0.00000000        3914.26678080       -42148.01914453       -38233.75236373 
  6.0000e-14           74.03103542            0.00000000        3907.47574287       -41711.74809258       -37804.27234971 
  6.5000e-14           70.64014918            0.00000000        3728.49937594       -41294.36566980       -37565.86629386 
  7.0000e-14           68.60197522            0.00000000        3620.92131440       -40906.52118962       -37285.59987522 
  7.5000e-14           68.42523260            0.00000000        3611.59255806       -40557.00645953       -36945.41390148 
  8.0000e-14           66.98644068            0.00000000        3535.65083314       -40254.32289270       -36718.67205956 
  8.5000e-14           66.13477180            0.00000000        3490.69839558       -40007.40334687       -36516.70495129 
  9.0000e-14           67.75718047            0.00000000        3576.33170418       -39800.15104195       -36223.81933777 
  9.5000e-14           68.32954962            0.00000000        3606.54225788       -39651.48507881       -36044.94282094 
  1.0000e-13           67.98580834            0.00000000        3588.39904659       -39565.16101573       -35976.76196914 
  1.0500e-13           68.82861325            0.00000000        3632.88362973       -39549.79323975       -35916.90961001 
  1.1000e-13           71.97586492            0.00000000        3799.00057661       -39604.35935933       -35805.35878271 
  1.1500e-13           76.98517861            0.00000000        4063.40011691       -39724.59650551       -35661.19638860 
  1.2000e-13           79.11543116            0.00000000        4175.83823292       -39886.28434070       -35710.44610778 
  1.2500e-13           81.13239067            0.00000000        4282.29656257       -40072.94821669       -35790.65165412 
  1.3000e-13           83.18738986            0.00000000        4390.76268637       -40275.58355990       -35884.82087353 
  1.3500e-13           85.25537862            0.00000000        4499.91442121       -40487.57692524       -35987.66250403 
  1.4000e-13           87.50186561            0.00000000        4618.48757567       -40705.24648617       -36086.75891050 
  1.4500e-13           91.16055173            0.00000000        4811.59884567       -40925.24736382       -36113.64851815 
  1.5000e-13           97.06241334            0.00000000        5123.10848388       -41145.31895956       -36022.21047568 
  1.5500e-13           99.50968483            0.00000000        5252.27936380       -41356.78234207       -36104.50297827 
  1.6000e-13          102.08262180            0.00000000        5388.08306768       -41557.62070599       -36169.53763831 
  1.6500e-13          105.14323811            0.00000000        5549.62726232       -41744.09686974       -36194.46960742 
  1.7000e-13          107.28195418            0.00000000        5662.51209667       -41913.64270113       -36251.13060445 
  1.7500e-13          109.38779701            0.00000000        5773.66182881       -42065.87518949       -36292.21336068 
  1.8000e-13          110.85298002            0.00000000        5850.99651761       -42199.42363566       -36348.42711805 
  1.8500e-13          113.87628863            0.00000000        6010.57155229       -42316.09286838       -36305.52131609 
  1.9000e-13          119.72650740            0.00000000        6319.35539971       -42407.90196032       -36088.54656061 
  1.9500e-13          120.43303855            0.00000000        6356.64723680       -42477.51859143       -36120.87135463 
  2.0000e-13          121.03986462            0.00000000        6388.67648141       -42530.18992363       -36141.51344221 
  2.0500e-13          121.68760126            0.00000000        6422.86505118       -42571.32088103       -36148.45582985 
  2.1000e-13          122.31197568            0.00000000        6455.82052556       -42610.04378412       -36154.22325856 
  2.1500e-13          122.78438582            0.00000000        6480.75508371       -42653.11082496       -36172.35574125 
  2.2000e-13          123.31093097            0.00000000        6508.54697407       -42706.03523796       -36197.48826390 
  2.2500e-13          124.29499261            0.00000000        6560.48731204       -42771.97625254       -36211.48894050 
  2.3000e-13          125.96564934            0.00000000        6648.66722991       -42844.25845686       -36195.59122696 
  2.3500e-13          127.10410252            0.00000000        6708.75659899       -42930.19887328       -36221.44227430 
  2.4000e-13          128.38234539            0.00000000        6776.22428933       -43032.11628895       -36255.89199962 
  2.4500e-13          129.73838803            0.00000000        6847.79837603       -43150.98413126       -36303.18575523 
  2.5000e-13          131.41709977            0.00000000        6936.40345054       -43287.54157558       -36351.13812504 
  2.5500e-13          133.38265232            0.00000000        7040.14843878       -43438.56567872       -36398.41723994 
  2.6000e-13          135.61464242            0.00000000        7157.95642472       -43603.90694839       -36445.95052367 
  2.6500e-13          138.09035897            0.00000000        7288.62867983       -43774.12393941       -36485.49525958 
  2.7000e-13          140.69049618            0.00000000        7425.86805528       -43948.96626799       -36523.09821272 
  2.7500e-13          145.00015836            0.00000000        7653.33887704       -44131.81786245       -36478.47898541 
  2.8000e-13          147.97890698            0.00000000        7810.56196428       -44312.90066854       -36502.33870425 
  2.8500e-13          151.49616850            0.00000000        7996.20861931       -44493.19808358       -36496.98946427 
  2.9000e-13          153.57935766            0.00000000        8106.16265481       -44672.27612825       -36566.11347344 
  2.9500e-13          155.41255771    134485154.95125124        8202.92186768       -44851.83540878       -36648.91354110 
  3.0000e-13          157.14916279            0.00000000        8294.58264488       -45033.53157400       -36738.94892912 
  3.0500e-13          159.04078264            0.00000000        8394.42534765       -45218.72799815       -36824.30265050 
  3.1000e-13          161.94618397            0.00000000        8547.77704914       -45404.26529420       -36856.48824506 
  3.1500e-13          165.57201092    102355366.46877635        8739.15395944       -45590.64985930       -36851.49589987 
  3.2000e-13          167.93606683            0.00000000        8863.93258884       -45779.48351986       -36915.55093102 
  3.2500e-13          170.33513881            0.00000000        8990.55942226       -45970.44907334       -36979.88965107 
  3.3000e-13          174.40153478            0.00000000        9205.19026616       -46165.31442103       -36960.12415487 
  3.3500e-13          177.12043248            0.00000000        9348.69800929       -46360.24543515       -37011.54742586 
  3.4000e-13          179.46989999            0.00000000        9472.70663947       -46554.60638173       -37081.89974226 
  3.4500e-13          181.87331437     99637405.65761147        9599.56267130       -46750.26788024       -37150.70520894 
  3.5000e-13          184.99748500     86215926.90225306        9764.46136403       -46949.68621597       -37185.22485194 
  3.5500e-13          186.97291243     85840377.73966484        9868.72756400       -47149.50947811       -37280.78191411 
  3.6000e-13          189.14121229     80894088.69427615        9983.17387768       -47348.90417020       -37365.73029252 
  3.6500e-13          191.40613742            0.00000000       10102.72022683       -47547.47058641       -37444.75035958 
  3.7000e-13          193.99294688            0.00000000       10239.25614272       -47739.86489749       -37500.60875477 
  3.7500e-13          196.99188458            0.00000000       10397.54484207       -47923.51347854       -37525.96863646 
  3.8000e-13          199.17072242    143963529.52532139       10512.54736744       -48098.34474002       -37585.79737259 
  3.8500e-13          201.68757973     75908434.26193541       10645.39109738       -48268.31488075       -37622.92378336 
  3.9000e-13          204.25260097    169043083.74781820       10780.77699613       -48424.09889768       -37643.32190155 
  3.9500e-13          206.56713998    169593768.44369864       10902.94204472       -48563.32755969       -37660.38551497 
  4.0000e-13          208.17062835    222705610.44898856       10987.57670990       -48689.11972687       -37701.54301697 
  4.0500e-13          211.25660766    375439012.31599218       11150.45960416       -48802.24888345       -37651.78927929 
  4.1000e-13          216.97625335            0.00000000       11452.35159690       -48894.89671244       -37442.54511554 
  4.1500e-13          219.11009516    145427695.19551668       11564.97915955       -48966.73783215       -37401.75867260 
  4.2000e-13          219.78001638    242454158.23242038       11600.33866695       -49020.87730015       -37420.53863320 
  4.2500e-13          220.84121942    155898457.11124107       11656.35065042       -49069.75167447       -37413.40102405 
  4.3000e-13          222.30635498    404316790.00307602       11733.68283448       -49126.80566924       -37393.12283476 
  4.3500e-13          223.27420176    112754091.10284020       11784.76732586       -49192.75737844       -37407.99005258 
  4.4000e-13          224.81547116    420407158.05205363       11866.11797522       -49262.00603559       -37395.88806038 
  4.4500e-13          226.71374972    546109092.66323733       11966.31213547       -49326.03389431       -37359.72175884 
  4.5000e-13          229.34128140    129250278.44137642       12104.99743473       -49372.96147278       -37267.96403806 
  4.5500e-13          234.04876747    250204961.93226632       12353.46603372       -49413.63787834       -37060.17184461 
  4.6000e-13          237.12308714    445358910.89995390       12515.73351320       -49439.84592820       -36924.11241500 
  4.6500e-13          239.64863513    287883283.59472400       12649.03595110       -49444.68167645       -36795.64572535 
  4.7000e-13          247.23357456    176868860.76028308       13049.38111260       -49412.99789394       -36363.61678134 
  4.7500e-13          247.94201965    350867787.01708043       13086.77397073       -49358.38124327       -36271.60727254 
  4.8000e-13          247.90519230    329981562.15122396       13084.83016472       -49292.52178500       -36207.69162028 
  4.8500e-13          248.84459180    516551877.26316637       13134.41316370       -49224.31206049       -36089.89889680 
  4.9000e-13          250.25232124    360746157.61700976       13208.71536152       -49156.41685829       -35947.70149677 
  4.9500e-13          254.62562338    454241201.80721080       13439.54520098       -49088.23351159       -35648.68831062 
  5.0000e-13          257.65893529    159047640.77147320       13599.64822578       -48992.68718531       -35393.03895953 
  5.0500e-13          268.25752859    222587005.79677680       14159.05882971       -48873.15466344       -34714.09583373 
  5.1000e-13          293.43758811    459439706.86834860       15488.10240227       -48788.59636195       -33300.49395967 
  5.1500e-13          296.09939921    420808142.91002733       15628.59702380       -48624.08014806       -32995.48312426 
  5.2000e-13          295.88405902    533866876.56478208       15617.23102626       -48373.51644456       -32756.28541829 
  5.2500e-13          300.28887069    320418696.73392600       15849.72398862       -48034.67626469       -32184.95227607 
  5.3000e-13          297.94308131    146121538.44098544       15725.90949576       -47671.83858980       -31945.92909404 
  5.3500e-13          295.56357932    148485634.77027982       15600.31559812       -47442.69499983       -31842.37940171 
  5.4000e-13          293.74062196    290172633.14253312       15504.09701044       -47244.57811483       -31740.48110439 
  5.4500e-13          292.20510503    311079882.06417578       15423.04998596       -47000.89506424       -31577.84507828 
  5.5000e-13          296.02246493    433954527.08428407       15624.53631008       -47054.47612145       -31429.93981137 
  5.5500e-13          314.12302346    285694011.37012500       16579.91256496       -47200.54143959       -30620.62887464 
  5.6000e-13          321.20408666    343938869.10250837       16953.66233830       -47158.80385539       -30205.14151710 
  5.6500e-13          321.73213645    375209109.00829875       16981.53364564       -47003.91510763       -30022.38146199 
  5.7000e-13          322.84584614    380060771.42587757       17040.31701378       -46739.04097640       -29698.72396261 
  5.7500e-13          321.40616210    361663921.30143517       16964.32820117       -46415.08231109       -29450.75410992 
  5.8000e-13          322.31833854    659974754.00315964       17012.47432391       -46104.95706484       -29092.48274093 
  5.8500e-13          323.13881886    349227732.50598854       17055.78057963       -45836.43090591       -28780.65032628 
  5.9000e-13          321.20254015    279136615.80326438       16953.58071115       -45592.16182474       -28638.58111359 
  5.9500e-13          320.08191400    401590942.94737452       16894.43228145       -45438.14134227       -28543.70906082 
  6.0000e-13          320.32354051    353286328.32798868       16907.18571278       -45386.21423530       -28479.02852252 
  6.0500e-13          325.29873743    108241323.05515453       17169.78451531       -45368.35505176       -28198.57053645 
  6.1000e-13          342.04402685    242277392.77740085       18053.62751219       -45195.71917261       -27142.09166042 
  6.1500e-13          337.54131029    257368715.06479943       17815.96697417       -44629.74299274       -26813.77601857 
  6.2000e-13          336.28878334    454846057.68681508       17749.85661027       -44298.54034760       -26548.68373733 
  6.2500e-13          353.69036040    454336931.39905530       18668.33951249       -44513.00531497       -25844.66580248 
  6.3000e-13          396.43425157    495840723.79995364       20924.43004179       -44163.52680619       -23239.09676439 
  6.3500e-13          404.91365615    199644375.24733371       21371.98649590       -43881.61105836       -22509.62456246 
  6.4000e-13          406.52678011    441901385.27538377       21457.12974294       -43700.50782987       -22243.37808693 
  6.4500e-13          403.77216445    266107731.70523670       21311.73674912       -43370.86027166       -22059.12352254 
  6.5000e-13          401.04115015    499530748.16218024       21167.58947292       -43049.33639190       -21881.74691898 
  6.5500e-13          396.49399640    239173956.77615020       20927.58346904       -42576.18115612       -21648.59768708 
  6.6000e-13          728.62538189    377670179.47025722       38458.00601137       -41683.18818341        -3225.18217204 
  6.6500e-13       173747.30585016    342112334.91952825     9170659.02302130       157010.57697713      9327669.59999843 
  6.7000e-13       754574.99427799  239801005123.18566895    39827667.80734651        68539.16996106     39896206.97730757 
  6.7500e-13      1129279.55057950  47474190443.25350189    59605169.98730592       336981.37878433     59942151.36609025 
  6.8000e-13      2115054.92483135  684774032736.62524414   111635961.40775609        -7644.97213536    111628316.43562073 
  6.8500e-13  2858249080222.02880859  224444607429.78317261 150862930445583.81250000    392630868.30414444  150863323076452.12500000 
  6.9000e-13  11436145736976.25976562  1797990654529705.75000000 603617952970352.75000000        25144.98355921  603617952995497.75000000 
  6.9500e-13  2858661093879.86083984  954071690905.79272461 150884677181456.00000000    400502583.67802262  150885077684039.68750000 
  7.0000e-13  7102163181835758592.00000000  24079325492056.13671875 374863463624815542272.00000000  351087160526.26947021  374863463975902707712.00000000 
  7.0500e-13  49546109905080074240.00000000  2312913945952762368.00000000 2615122448278268936192.00000000  581959358872.29028320  2615122448860228091904.00000000 
  7.1000e-13  91652004123808825344.00000000  4645737133677002752.00000000 4837538484313774882816.00000000  351098229002.46533203  4837538484664872730624.00000000 
  7.1500e-13  94123635907850551296.00000000  223058947788784.15625000 4967995139229944381440.00000000  1697572949168.47338867  4967995140927517622272.00000000 
  7.2000e-13  4582818120692493975552.00000000  9115539151041786880.00000000 241888426089543695859712.00000000  6760418216309.06054688  241888426096304108601344.00000000 
  7.2500e-13  17272864179642274186002432.00000000  54770281221704310784.00000000 911689231481171267192619008.00000000  312056844376354.81250000  911689231481483391055953920.00000000 
  7.3000e-13  69026808647769341275668480.00000000  4306761540372730478592.00000000 3643344697971569602888466432.00000000  7114641782728.62792969  3643344697971576749714046976.00000000 
  7.3500e-13  20009881468753531851767808.00000000  2353295239937057792.00000000 1056153355259871654987169792.00000000  312573851337038.50000000  1056153355260184191167365120.00000000 
  7.4000e-13  11015915294564053814345728.00000000  1716732484025508691968.00000000 581437522145257620418592768.00000000  7113873989750.98632812  581437522145264767244173312.00000000 
  7.4500e-13  28336821538347892705591296.00000000  54778035431489880064.00000000 1495662490148205082257129472.00000000  336527973279221.68750000  1495662490148541532815228928.00000000 
  7.5000e-13  80271266634469246704287744.00000000  6209479580382888198144.00000000 4236845066740697600001835008.00000000  8267366742475.39648438  4236845066740705846339043328.00000000 
  7.5500e-13  150644449501863414278636492180946944.00000000  11387238827305013248.00000000 7951253536464868502522116832214646784.00000000  12043763559457028096.00000000  7951253536464868502522116832214646784.00000000 
  7.6000e-13  10991388979819352948498844172341477376.00000000  348912295899462127755198464.00000000 580142984261551453433816643839874564096.00000000  84988759045773541376.00000000  580142984261551453433816643839874564096.00000000 
  7.6500e-13  42157822525581805305340009259951194112.00000000  2874027383193090840216993792.00000000 2225156894625873625216168569521987125248.00000000  340857420158754.68750000  2225156894625873625216168569521987125248.00000000 
  7.7000e-13                  -nan  348917537207138681601654784.00000000                 -nan                  -nan                  -nan 
  7.7500e-13                  -nan                   nan                 -nan                  -nan                  -nan 
  7.8000e-13                   nan                   nan                 -nan                  -nan                  -nan 
  7.8500e-13                   nan                   nan                 -nan                  -nan                  -nan 
  7.9000e-13                   nan                   nan                 -nan                  -nan                  -nan 
  7.9500e-13                   nan                   nan                 -nan                  -nan                  -nan 
  8.0000e-13                   nan                   nan                 -nan                  -nan                  -nan 
  8.0500e-13                   nan                   nan                 -nan                  -nan                  -nan 
  8.1000e-13                   nan                   nan                 -nan                  -nan                  -nan 
  8.1500e-13                   nan                   nan                 -nan                  -nan                  -nan 
  8.2000e-13                   nan                   nan                 -nan                  -nan                  -nan 
  8.2500e-13                   nan                   nan                 -nan                  -nan                  -nan 
  8.3000e-13                   nan                   nan                 -nan                  -nan                  -nan 
  8.3500e-13                   nan                   nan                 -nan                  -nan                  -nan 
  8.4000e-13                   nan                   nan                 -nan                  -nan                  -nan 
  8.4500e-13                   nan                   nan                 -nan                  -nan                  -nan 
  8.5000e-13                   nan                   nan                 -nan                  -nan                  -nan 
  8.5500e-13                   nan                   nan                 -nan                  -nan                  -nan 
  8.6000e-13                   nan                   nan                 -nan                  -nan                  -nan 
  8.6500e-13                   nan                   nan                 -nan                  -nan                  -nan 
  8.7000e-13                   nan                   nan                 -nan                  -nan                  -nan 
  8.7500e-13                   nan                   nan                 -nan                  -nan                  -nan 
  8.8000e-13                   nan                   nan                 -nan                  -nan                  -nan 
  8.8500e-13                   nan                   nan                 -nan                  -nan                  -nan 
  8.9000e-13                   nan                   nan                 -nan                  -nan                  -nan 
  8.9500e-13                   nan                   nan                 -nan                  -nan                  -nan 
  9.0000e-13                   nan                   nan                 -nan                  -nan                  -nan 
  9.0500e-13                   nan                   nan                 -nan                  -nan                  -nan 
  9.1000e-13                   nan                   nan                 -nan                  -nan                  -nan 
  9.1500e-13                   nan                   nan                 -nan                  -nan                  -nan 
  9.2000e-13                   nan                   nan                 -nan                  -nan                  -nan 
  9.2500e-13                   nan                   nan                 -nan                  -nan                  -nan 
  9.3000e-13                   nan                   nan                 -nan                  -nan                  -nan 
  9.3500e-13                   nan                   nan                 -nan                  -nan                  -nan 
  9.4000e-13                   nan                   nan                 -nan                  -nan                  -nan 
  9.4500e-13                   nan                   nan                 -nan                  -nan                  -nan 
  9.5000e-13                   nan                   nan                 -nan                  -nan                  -nan 
  9.5500e-13                   nan                   nan                 -nan                  -nan                  -nan 
  9.6000e-13                   nan                   nan                 -nan                  -nan                  -nan 
  9.6500e-13                   nan                   nan                 -nan                  -nan                  -nan 
  9.7000e-13                   nan                   nan                 -nan                  -nan                  -nan 
  9.7500e-13                   nan                   nan                 -nan                  -nan                  -nan 
  9.8000e-13                   nan                   nan                 -nan                  -nan                  -nan 
  9.8500e-13                   nan                   nan                 -nan                  -nan                  -nan 
  9.9000e-13                   nan                   nan                 -nan                  -nan                  -nan 
  9.9500e-13                   nan                   nan                 -nan                  -nan                  -nan 
  1.0000e-12                   nan                   nan                 -nan                  -nan                  -nan 
